5482715583
1107257489
493862139
872489071
872489071
479304821
540251117
540251117
427308635
540251117
990689042
5329341956
905199923
427308635
427308635
7817233222
5003738939
455938323
455938323
504994059
1165038699
505388401
1892274317
872489071
1300082221
694119460
1138081631
5164444151
766868228
5686135888
5246130698
5206152506
846294795
1699064657
923887768
574266262
5482230123
1087549411
5774073012
2098988235
5358318168
6689039828
5048837349
1140965959
1140965959
777719224
543968980
543968980
5315435847
5315435847
2093613726
884820043
543574042
1838241841
1838241841
1838241841
467699094
467699094
6003395853
6003395853
6003395853
6003395853
6003395853
6003395853
770481182
984379812
1067975097
410623573
5156747565
830916041
309775734
1210088399
610167254
610167254
1858663671
1382939273
1133426009
7092572418
1438074142
6938387341
6938387341
6527725580
442931902
442931902
2003578715
5283400394
5283400394
5283400394
334087423
1019713333
280619881
455095639
953621320
6341712117
585588506
1239853230
1098902821
1098902821
1276145658
1276145658
1380336089
974222942
397762131
952108123
952108123
6309702434
6309702434
7536131846
5398117985
534821851
387374906
395667279
395667279
228748766
5039878862
1775951560
5910755457
953521560
1200276355
1243013832
6534269859
7398389961
1638774422
5985237366
5985237366
5985237366
855758655
992293974
5985237366
5985237366
5985237366
1178590380
505934721
1199314520
673519558
673519558
1571209401
1571209401
5441373579
5441373579
813118579
728415888
1808771844
1009694987
66385160
7713113112
7713113112
66385160
882651741
934343650
7152261690
7152261690
1439926368
1439926368
1439926368
802359815
802359815
1432841128
1033623985
1068008933
1068008933
1068008933
1347060426
1068008933
1068008933
1068008933
1016293680
705081308
710811046
765991972
765991972
755485655
1365186167
1231939035
991165169
5170095310
5266783178
5266783178
862207841
862207841
767962875
6566091632
778018555
778018555
71059366
886994219
6251813453
1446064964
870907289
5815301721
415460230
415460230
5655100203
5655100203
